# And what do YOU think you're doing?
# You're not a robot... aren't you?
#
#                                                          09999999900
#                                                        099999999999999900
#               0079                                   0999999999999999999990
#          091       0                               08999999999998999999999990
#       07      111   8                             099999999999990  70999999998
#      0       5  0     6                          0999999999999997    3999999999
#      8      9   0    0                          0999999999999990      6999999999
#     0      0       5                           0999999999999996        8999999999
#     9      0     10                            899999999999997         79999999998
#              00                      00000000409999999999990            99999999990
#    0                                         0 39999998998             799999999999
#    8                                       16  499900081               899999999999
#    6                                      11   0994                   0999999999999
#    6                                     133   999                   09999999999999
#    8                                    7527  898                  7099999999999998
#     2                                  7131   90            9        70999999999990
#     0                                 11117  06              6          2999999999
#      0                               11111  21  050                      199999990
#        7                          7111111   7  721998         0           3999998
#         5                     71111111117 37  1311155 36    60006          99998
#          2                               07  91111113   70000000004   87   4990
#           7                            8    0114 20270   40000000008       940
#            7                         0     3117 5    72  000000000002     98
#             7                     78 9    77          0  000000000000      0
#              7                  75        9     6008358  000000000000       0
#              0                0     7    102  70000666933000000000000        0     7
#               0            203            3          1512300000000000        7
#                9         00009            7           6   60000000052
#                7      900000000          8            0  4   39997  908             7
#               0    7099900000009         0            497           00001           7
#               7  709999000000080 7       0  3        09            98 7001   1
#              0  8999998009990006         8          7     7499    9     39   0
#              7899999999809995006          7            75        00 7       0
#              0999999999999996990          6          7        309       7 70
#             099999999999999999009         1              16000009     0 20
#             0999999999999999900000         4004     50477      8 1   00
#             999999999999999959899008        5987              2
#             999999999999999999980000903       2   71111111     0
#             9999999999999999999999999999097    4711111387   740 2
#             99999999999999999999999999999858880000   2 1    783   0
#             999999999999999999999999999991                24  40   1
#             099999999999999999999999999991              69    22     8
#              9999999999999999999999999999               46941          7
#              0999999999999999999999999999                               3
#                99999999999999999999999999                                 0
#                 0999999999999999999999999                                  9
#                   00999999999999999999996                                    0
#                        089999999999999995                                     2
#                              009999999990                                       0
#                                         0                                        70
#                                         1                                          6
#                                         7                                            0
#                                                                                       1
#                                        0                                                0
#                                        0                                                  0